// b is a 2D matrix filled in row order
11 // number of rows
20 // number of columns
75
16
98
57
74
85
100
12
79
12
21
37
27
4
79
13
5
71
63
9
66
27
52
18
17
53
62
97
73
80
52
51
49
31
28
3
70
75
16
98
57
74
85
100
12
79
12
36
35
9
62
56
38
22
76
33
65
99
43
59
39
40
75
8
19
31
81
9
95
80
70
3
76
88
58
45
38
34
1
47
44
1
29
41
23
9
44
55
57
18
75
40
93
90
90
36
95
92
56
0
8
39
98
67
25
6
6
44
81
68
31
21
37
27
4
79
13
5
71
63
9
66
18
17
53
62
97
73
80
52
51
49
31
28
3
70
75
16
98
57
74
85
100
12
79
12
36
35
9
62
56
38
22
76
33
65
99
43
59
39
40
75
8
19
31
81
9
95
80
70
3
76
88
58
45
38
34
1
47
44
1
29
41
23
9
44
55
57
18
75
40
93
90
90
36
95
92
56
0
8
39
98
67
25
6
6
44
81
68
31
81
9
95
80
70
3
76
88
58
45
